130 联通号段
1300390 	1300391 	1300392 	1300393 	1300394 	1300397 	1300398 	1300399 	1301039
1301591 	1301592 	1301593 	1301594 	1301595 	1302390 	1302391 	1302392 	1302393
1302394 	1302397 	1302398 	1302399 	1303084 	1303087 	1303088 	1303089 	1304300
1304304 	1304592 	1304597 	1305520 	1305521 	1305522 	1305523 	1305524 	1305543
1305550 	1305551 	1305587 	1305592 	1306243 	1306244 	1306303 	1306304 	1306305
1306306 	1306307 	1306308 	1306309 	1307480 	1307481 	1307482 	1307483 	1307484
1307485 	1307486 	1307487 	1307488 	1307489
131 联通号段
1310143 	1311059 	1311092 	1311093 	1312336 	1312337 	1312338 	1312339 	1312407
1312408 	1312409 	1312445 	1315920 	1315921 	1315922 	1315923 	1315925 	1315926
1315927 	1316390 	1316399 	1316487 	1316488 	1316489 	1317825 	1317827 	1317835
1319407 	1319408 	1319409
132 联通号段
1320592 	1321501 	1321502 	1321591 	1321592 	1321594 	1322503 	1322507 	1322508
1322592 	1322596 	1323500 	1323592 	1325506 	1325590 	1325594 	1325598 	1327500
1327502 	1327504 	1327592 	1327602 	1327696 	1328592 	1328597 	1329078 	1329592
133 电信CDMA
1330600 	1330601 	1330602 	1330603 	1330604 	1330605 	1331370 	1331384 	1331385
1331386 	1332830 	1332831 	1332832 	1332840 	1332841 	1332875 	1332876 	1332877
1332878 	1332879 	1333836 	1333845 	1333846 	1334043 	1334837 	1334838 	1334839
1335837 	1335838 	1335839 	1336504 	1336590 	1336592 	1337592 	1337692 	1337698
1338592 	1339404 	1339405 	1339406 	1339501 	1339502 	1339503 	1339505 	1339507
1339599
134 移动号段
1340060 	1340061 	1340062 	1340063 	1340064 	1340065 	1340066 	1340067 	1340068
1340069 	1340070 	1340071 	1340072 	1340073 	1340074 	1340075 	1340076 	1340077
1340078 	1340079 	1345900 	1345901 	1345902 	1345903 	1345904 	1345920 	1345921
1345922 	1345923 	1345924 	1345925 	1345926 	1345927 	1345928 	1345929
135 移动号段
1351596 	1351597 	1355920 	1355921 	1355922 	1355923 	1355924 	1355925 	1355926
1355927 	1355947 	1355948 	1355949 	1359950 	1359951 	1359952 	1359953 	1359954
1359990 	1359991 	1359992
136 移动号段
1360090 	1360091 	1360092 	1360093 	1360094 	1360095 	1360096 	1360097 	1360600
1360601 	1360602 	1360603 	1360604 	1360605 	1360606 	1360607 	1360608 	1360609
1360690 	1360691 	1360692 	1360693 	1360694 	1361600 	1361601 	1361602 	1361603
1361604 	1361605 	1361606 	1362500 	1362501 	1364600 	1364601 	1364602 	1364603
1365600 	1365601 	1365602 	1365603 	1366600 	1366601 	1366602 	1366603 	1366604
1366605 	1366606 	1366607 	1366608 	1366609 	1369500 	1369501 	1369502 	1369503
1369504 	1369690 	1369691 	1369692 	1369693 	1369694 	1369695 	1369696 	1369697
1369698 	1369699
137 移动号段
1372087 	1372088 	1372089 	1377465 	1377466 	1377467 	1377468 	1377469 	1377992
1377993 	1377994 	1377995 	1377996 	1377997 	1377998 	1377999 	1379925 	1379926
1379927 	1379928 	1379929 	1379973 	1379974 	1379975 	1379976 	1379977 	1379978
1379979 	1379984
138 移动号段
1380059 	1380062 	1380600 	1380601 	1380602 	1380603 	1380604 	1380605 	1380606
1380607 	1380608 	1380609 	1385000 	1385001 	1385002 	1385003 	1385004 	1385005
1385006 	1385007 	1385008 	1385009 	1385990 	1385991 	1385992 	1385993 	1385994
1385995 	1385996 	1385997 	1385998 	1385999 	1386010 	1386011 	1386012 	1386013
1386014 	1386015 	1386016 	1386017 	1386018 	1386019 	1386040 	1386041 	1386042
1386043 	1386044 	1386045 	1386046 	1386047 	1386048 	1386049
139 移动号段
1390060 	1390600 	1390601 	1390602 	1390603 	1390604 	1390605 	1395000 	1395001
1395002 	1395003 	1395004 	1395005 	1395006 	1395007 	1395008 	1395009 	1395010
1395011 	1395012 	1395013 	1395014 	1395015 	1395016 	1395017 	1395018 	1395019
1395920 	1395921 	1395922 	1395923 	1395924 	1395925 	1395926 	1395927 	1395928
1395929
145 联通数据卡
1452581 	1452582 	1452592
147 移动数据卡
1475920 	1475921 	1475922 	1475923 	1475924 	1475925 	1475926 	1475927 	1475928
1475929 	1475975 	1475976 	1475977 	1475978 	1475979 	1476004 	1476001 	1470009
1470007 	1470006 	1470005
150 移动号段
1506070 	1506071 	1506072 	1506073 	1506074 	1506075 	1506076 	1506077 	1506078
1506079 	1508030 	1508031 	1508032 	1508033 	1508034
151 移动号段
1510595 	1510596 	1510597 	1510598 	1510599 	1515920 	1515921 	1515922 	1515923
1515924 	1515925 	1515926 	1515927 	1515928 	1515929 	1516000 	1516001 	1516002
1516003 	1516004 	1516005 	1516006 	1516007 	1516008 	1516009 	1516070 	1516071
1516072 	1516073 	1516074
152 移动号段
1525920 	1525921 	1525922 	1525923 	1525924 	1525925 	1525926 	1525927 	1525928
1525929 	1526020 	1526021 	1526022 	1526023 	1526024 	1528020 	1528021 	1528022
1528023 	1528024 	1528025 	1528026 	1528027 	1528028 	1528029
153 电信CDMA
1530502 	1530504 	1530592 	1530600 	1530609 	1530692 	1530698 	1533752 	1534592
1534598 	1535902 	1535920 	1535921 	1535922 	1535923 	1535924 	1535925 	1535926
1535927 	1535928 	1535929 	1535931 	1535932 	1535933 	1535934 	1535935 	1535940
1535941 	1535942 	1535943 	1535944 	1535945 	1535982 	1535983 	1535984 	1535985
1535986 	1535987 	1535988 	1535989 	1539621 	1539625 	1539203 	1539627 	1539202
1539592 	1539614 	1539620 	1539622 	1539626 	1539623 	1539624 	1539628 	1539445
1539242 	1539204
156 联通号段
1560502 	1560592 	1560600 	1560609 	1560690 	1560692 	1560695 	1560697 	1565925
1565926 	1565927 	1565928 	1565929 	1565945 	1565946 	1565980 	1565981 	1565982
1565983 	1565998 	1566506 	1566583 	1566589 	1566592 	1566598 	1569592
157 移动号段
1570591 	1570592 	1571060 	1571061 	1571062 	1571063 	1571064 	1571065 	1571066
1571067 	1571068 	1571069 	1571150 	1571151 	1571152 	1571153 	1571154 	1571155
1571156 	1571157 	1571158 	1571159 	1575925 	1575075 	1575076 	1575926 	1575927
1575928 	1575929 	1575071 	1575072 	1575070 	1575922 	1575923 	1575921 	1575924
1575920 	1575079 	1575078 	1575074 	1575077 	1575073
158 移动号段
1580590 	1580591 	1580592 	1580593 	1580594 	1585920 	1585921 	1585922 	1585923
1585924 	1585925 	1585926 	1585927 	1585928 	1585929 	1586070 	1586071 	1586072
1586073 	1586074 	1586075 	1586076 	1586077 	1586078 	1586079 	1588020 	1588021
1588022 	1588023 	1588024 	1588025 	1588026 	1588027 	1588028 	1588029
159 移动号段
1595920 	1595921 	1595922 	1595923 	1595924 	1595925 	1595926 	1595927 	1595928
1595929 	1595934 	1595935 	1595936 	1595937 	1595938 	1595939 	1595944 	1595945
1596020 	1596021 	1596022 	1596023 	1596024 	1596025 	1596026 	1596027 	1596028
1596029 	1596035 	1596036 	1596037 	1596038 	1596039 	1596080 	1596081 	1596082
1596083 	1596084 	1598075 	1598076 	1598077 	1598078 	1598079 	1598080 	1598081
1598082 	1598083 	1598084 	1598085 	1598086 	1598087 	1598088 	1598089 	1598090
1598091 	1598092 	1598093 	1598094 	1598095 	1598096 	1598097 	1598098 	1598099
1598580 	1598581 	1598582 	1598583 	1598584 	1598585 	1598586 	1598587 	1598588
1598589
182 移动手机卡
1820590 	1820591 	1820592 	1820593 	1820594 	1820595 	1820596 	1820597 	1820598
1820599 	1820605 	1820606 	1820607 	1820608 	1820609 	1825920 	1825921 	1825922
1825923 	1825924 	1825925 	1825926 	1825927 	1825928 	1825929 	1825940 	1825941
1825942 	1825943 	1825944 	1825945 	1825946 	1825947 	1825948 	1825949 	1825077
1825073 	1825081 	1825080 	1825083 	1825082 	1825089 	1825088 	1825079 	1825087
1825085 	1825078 	1825086 	1825084 	1825075 	1825076 	1825071 	1825074 	1825072
1825070
183 联通WCDMA
1835020 	1835021 	1835022 	1835023 	1835024 	1835025 	1835026 	1835027 	1835028
1835029 	1835920 	1835921 	1835922 	1835923 	1835924 	1835925 	1835926 	1835927
1835928 	1835929 	1835970 	1835971 	1835972 	1835973 	1835974
186 联通WCDMA
1860502 	1860592 	1860600 	1860609 	1860692 	1865920 	1865921 	1865922 	1865923
1865924 	1865925 	1865926 	1865927 	1865928 	1865929 	1865001 	1865010 	1865016
1865019 	1869567 	1864961 	1865018 	1865042 	1865044 	1865080 	1865081 	1865043
1865014 	1865017 	1865015 	1865012 	1865013 	1865004 	1865011 	1865002 	1865003
1865000 	1864966 	1864963 	1864967 	1864960 	1864962 	1864964 	1869569 	1869568
1869563 	1869562 	1864993 	1864992 	1864965 	1864968
187 移动TD-SCDMA
1870592 	1875020 	1875021 	1875022 	1875023 	1875024 	1875025 	1875026 	1875027
1875028 	1875029 	1875090 	1875091 	1875092 	1875093 	1875094 	1875920 	1875921
1875922 	1875923 	1875924 	1875925 	1875926 	1875927 	1875928 	1875929
188 移动TD-SCDMA
1880505 	1880506 	1880507 	1880592 	1885030 	1885031 	1885032 	1885033 	1885034
1885050 	1885051 	1885052 	1885053 	1885054 	1885055 	1885056 	1885057 	1885058
1885059 	1885920 	1885921 	1885922 	1885923 	1885924 	1885925 	1885926 	1885927
1885928 	1885929 	1885019 	1886001 	1885000 	1887643 	1887641 	1887640 	1886007
1886008 	1886005 	1886006 	1886000 	1886002 	1886004 	1886003 	1885015 	1885018
1885017 	1885016 	1885005 	1885006 	1885003 	1885004 	1885007 	1885001 	1885002
189 电信天翼
1890592 	1890600 	1890601 	1890602 	1890603 	1890604 	1890605 	1895000 	1895001
1895002 	1895003 	1895004 	1895005 	1895006 	1895007 	1895008 	1895009 	1895010
1895011 	1895012 	1895013 	1895014 	1895015 	1895016 	1895017 	1895018 	1895019
1895920 	1895921 	1895922 	1895923 	1895924 	1895925 	1895926 	1895927 	1895928
1895929 	1896510 	1896511 	1896512 	1896513 	1896514 	1896515 	1896516 	1896517
1896518 	1896519 	1896542 	1896580 	1896581 	1896582 	1896583 	1896584 	1896585
1896592 	1890022
180 电信CDMA卡
1806449 	1806090 	1803020 	1804628 	1805988 	1805000 	1806097 	1802073 	1806448
1805987 	1802071 	1803017 	1806441 	1805921 	1803019 	1803013 	1804624 	1804627
1803022 	1803025 	1805983 	1806099 	1806592 	1806451 	1806447 	1806450 	1806442
1806443 	1806440 	1806096 	1806098 	1806094 	1806095 	1806092 	1806091 	1806093
1805989 	1805986 	1805985 	1805984 	1805982 	1805980 	1805981 	1805929 	1805928
1805927 	1805925 	1805926 	1805920 	1805923 	1805922 	1805924 	1805481 	1805482
1804642 	1805011 	1805012 	1805010 	1805008 	1805009 	1805007 	1805006 	1805005
1805004 	1805002 	1805003 	1805001 	1804632 	1804629 	1804631 	1804630 	1804625
1804626 	1804623 	1804620 	1804622 	1804621 	1803031 	1803030 	1803029 	1803026
1803028 	1803018 	1803021 	1803027 	1803023 	1803015 	1803016 	1803009 	1803010
1803012 	1803011 	1803014 	1803008 	1803007 	1803006 	1803000 	1803005 	1803003
1803002 	1803001 	1803004 	1802070 	1802076 	1802072 	1802074 	1802075 	1802077
1800601 	1800600 	1800502 	1803024
185 联通号段
1855931 	1855922 	1855944 	1850592 	1855963 	1855975 	1855920 	1855965 	1855982
1855979 	1855981 	1855980 	1855978 	1855977 	1855976 	1855968 	1855969 	1855967
1855966 	1855964 	1855962 	1855928 	1855932 	1855929 	1855930 	1855925 	1855926
1855927 	1855923 	1855921 	1855903 	1855902 	1850696 	1850699 	1850695 	1850693
1850691 	1850692 	1855867
181 中国电信天翼卡
1815035 	1815009 	1810697 	1812078 	1810696 	1815036 	1815090 	1814409 	1810690
1812075 	1810608 	1812071 	1810698 	1810695 	1810693 	1810609 	1815928 	1815089
1815039 	1815038 	1815015 	1815016 	1815010 	1815008 	1815011 	1815013 	1815007
1814411 	1814408 	1814412 	1812073 	1812076 	1812077 	1812072 	1815988
177 电信号段
1775001 	1775066 	1775061 	1775065 	1775927 	1775921 	1775920 	1775922 	1775060
1775063 	1775062 	1775058 	1775059 	1770601 	1770602 	1770592
178 移动号段
1785971 	1789592 	1785977 	1785976 	1785978 	1785973 	1785975 	1785970 	1785960
1785972 	1785051
170 虚拟运营商
1705620 	1708583 	1708582 	1706147 	1708194 	1705771 	1705722 	1705684 	1705352
1705354 	1700691 	1700593 	1706163 	1706153 	1706159 	1708589 	1708585 	1706162
171 虚拟运营商
1719508 	1719493 	1719509 	1718592 	1716589 	1716583 	1712042
155 联通号段
1550592 	1550692
184 移动号段
1845926 	1845922 	1845927 	1845026 	1845025 	1845001 	1845002 	1845000 	1840501
1840505 	1840500
173 电信号段
1730602 	1733871 	1735003
175 联通号段
1750607 	1750606 	1750592
176 联通号段
1768921 	1760508 	1760507 	1768933 	1760505 	1768994 	1767998 	1760509 	1760506
1760592 	1768932 	1768946
1990592 	1995927
